"fluoro.predict" <-
structure(list(x = c(132.213, 132.267469387755, 132.321938775510, 
132.376408163265, 132.430877551020, 132.485346938776, 132.539816326531, 
132.594285714286, 132.648755102041, 132.703224489796, 132.757693877551, 
132.812163265306, 132.866632653061, 132.921102040816, 132.975571428571, 
133.030040816327, 133.084510204082, 133.138979591837, 133.193448979592, 
133.247918367347, 133.302387755102, 133.356857142857, 133.411326530612, 
133.465795918367, 133.520265306122, 133.574734693878, 133.629204081633, 
133.683673469388, 133.738142857143, 133.792612244898, 133.847081632653, 
133.901551020408, 133.956020408163, 134.010489795918, 134.064959183673, 
134.119428571429, 134.173897959184, 134.228367346939, 134.282836734694, 
134.337306122449, 134.391775510204, 134.446244897959, 134.500714285714, 
134.555183673469, 134.609653061224, 134.664122448980, 134.718591836735, 
134.773061224490, 134.827530612245, 134.882), y = c(-33.991, 
-33.959306122449, -33.9276122448980, -33.8959183673469, -33.8642244897959, 
-33.8325306122449, -33.8008367346939, -33.7691428571429, -33.7374489795918, 
-33.7057551020408, -33.6740612244898, -33.6423673469388, -33.6106734693878, 
-33.5789795918367, -33.5472857142857, -33.5155918367347, -33.4838979591837, 
-33.4522040816327, -33.4205102040816, -33.3888163265306, -33.3571224489796, 
-33.3254285714286, -33.2937346938776, -33.2620408163265, -33.2303469387755, 
-33.1986530612245, -33.1669591836735, -33.1352653061224, -33.1035714285714, 
-33.0718775510204, -33.0401836734694, -33.0084897959184, -32.9767959183674, 
-32.9451020408163, -32.9134081632653, -32.8817142857143, -32.8500204081633, 
-32.8183265306122, -32.7866326530612, -32.7549387755102, -32.7232448979592, 
-32.6915510204082, -32.6598571428571, -32.6281632653061, -32.5964693877551, 
-32.5647755102041, -32.5330816326531, -32.5013877551020, -32.469693877551, 
-32.438), z = structure(c(NA, NA, NA, NA, NA, NA, NA, NA, NA, 
NA, NA, NA, NA, NA, NA, NA, NA, NA, NA, NA, NA, NA, NA, NA, NA, 
NA, NA, NA, NA, NA, NA, NA, NA, NA, NA, NA, NA, NA, NA, NA, NA, 
NA, NA, NA, NA, NA, NA, NA, NA, NA, NA, NA, NA, NA, NA, NA, NA, 
NA, NA, NA, NA, NA, NA, NA, NA, NA, NA, NA, NA, NA, NA, NA, NA, 
NA, NA, NA, NA, NA, NA, NA, NA, NA, NA, NA, 0.90759610109835, 
0.919941578752674, 0.933168361855491, 0.945033887395482, 0.955806916758803, 
0.965709246562429, 0.974891376712522, 0.98349402239622, 0.991662463542038, 
0.999544443752764, 1.00725791047209, NA, NA, NA, NA, NA, NA, 
NA, NA, NA, NA, NA, NA, NA, NA, NA, NA, NA, NA, NA, NA, NA, NA, 
NA, NA, NA, NA, NA, NA, NA, NA, NA, NA, 0.834455482096814, 0.847184742318039, 
0.859607545652932, 0.871831979309913, 0.884021319248735, 0.896203135134565, 
0.908287104964145, 0.920254717432704, 0.932997432524172, 0.94627593142107, 
0.957967446781441, 0.968615808181395, 0.97836181896111, 0.987358499205877, 
0.99574871367997, 1.00368513345776, 1.01131222776197, 1.01870611919775, 
1.02684918997496, NA, NA, NA, NA, NA, NA, NA, NA, NA, NA, NA, 
NA, NA, NA, NA, NA, NA, NA, NA, NA, NA, NA, NA, 0.738950566713384, 
0.750846544704515, 0.763295358625913, 0.77634384927863, 0.789970851188389, 
0.804026725408373, 0.81818617241317, 0.831749131762535, 0.845060672299503, 
0.858051437005699, 0.870618426166105, 0.882963386101411, 0.895384827539297, 
0.907926203883663, 0.920481635918119, 0.933062498735796, 0.946098885853381, 
0.959333184527975, 0.970942430802716, 0.981500547920522, 0.991098891705847, 
0.99993240991129, 1.00814888305253, 1.01593837507608, 1.02354348580495, 
1.03136442135607, 1.04131408084488, NA, NA, NA, NA, NA, NA, NA, 
NA, NA, NA, NA, NA, NA, NA, NA, 0.669136524775653, 0.677357208727009, 
0.686030443767723, 0.695187716485146, 0.70484728228288, 0.71500605247891, 
0.725624764981605, 0.736629724036364, 0.7479992125177, 0.75984056462076, 
0.772285354113598, 0.785398165251087, 0.799170130888737, 0.813431547982187, 
0.827576942435305, 0.841557339898546, 0.855342789432753, 0.86873764414842, 
0.881440189701388, 0.893890321717222, 0.906596673151877, 0.919582784845728, 
0.932671070076482, 0.945762234963873, 0.958951267496489, 0.97190824140941, 
0.98385515731269, 0.994368017930317, 1.00386250492472, 1.01256705386236, 
1.02064567240023, 1.02834846039816, 1.03606509316122, 1.04449884367406, 
1.05527430919432, 1.06972847711950, NA, NA, NA, NA, NA, NA, NA, 
NA, NA, NA, NA, NA, 0.66173901081631, 0.670621189835347, 0.67844015446699, 
0.686564607637821, 0.695136973035916, 0.704209280287209, 0.713810211479923, 
0.723944300346415, 0.734567287243106, 0.745552218878241, 0.756827312021216, 
0.768573928949636, 0.780983633561359, 0.794125021468337, 0.807986079697356, 
0.822492537482765, 0.836585305444432, 0.850823312183511, 0.865107816295786, 
0.8792228410534, 0.891968047280306, 0.904526145256406, 0.917593604346258, 
0.931122648532346, 0.944796544380562, 0.958332957897498, 0.971622720279542, 
0.984434558567402, 0.996446515084268, 1.00706624932585, 1.01658350628724, 
1.02520043216665, 1.03316803501411, 1.04079691524342, 1.04861689055827, 
1.05746207808361, 1.06854226153507, 1.08246550363333, 1.09790875079218, 
NA, NA, NA, NA, NA, NA, NA, NA, NA, 0.649642800347189, 0.66013534781252, 
0.670319705503684, 0.679239291146857, 0.687297813479549, 0.695439648482382, 
0.703964320024814, 0.71297754339669, 0.72253213132509, 0.732651108728936, 
0.743304517129234, 0.754295875336994, 0.765422666813938, 0.777030540375801, 
0.789381103899627, 0.802519326084189, 0.816393288278437, 0.830803367493894, 
0.845136009925328, 0.859610710365744, 0.874295757388838, 0.889247610379496, 
0.901969212679442, 0.914784410857077, 0.928317946504296, 0.942518454333795, 
0.956854993170155, 0.970816023589955, 0.984186880955811, 0.996852054785714, 
1.00867954892428, 1.01950598010502, 1.02916598675035, 1.03775680550232, 
1.04563160350074, 1.05315290894113, 1.06097243188041, 1.06997185906456, 
1.08108103810150, 1.09465322720692, 1.11003161894222, NA, NA, 
NA, NA, NA, NA, NA, NA, 0.649034977336155, 0.659106682302872, 
0.669122228789819, 0.678776126196355, 0.687608505872837, 0.695826140700976, 
0.70402216379368, 0.712529369213879, 0.721498991976833, 0.731010369999944, 
0.741109203479829, 0.751805868103712, 0.762875953238791, 0.773752547479388, 
0.785193378412739, 0.797479070551405, 0.810599107891808, 0.824446340142034, 
0.83878930849036, 0.853301502455013, 0.868000138011439, 0.882912946197807, 
0.89773424104849, 0.911296864158182, 0.92463077814821, 0.938726214274012, 
0.953777096352626, 0.968888852051651, 0.983271648151228, 0.996688442584075, 
1.00916119124533, 1.02075850264881, 1.03156093252112, 1.04138139709139, 
1.05015802394669, 1.05794225668119, 1.06529482085216, 1.07296741881274, 
1.08190077738877, 1.09287516763004, 1.10614901977038, 1.12132629942287, 
1.13763043569413, NA, NA, NA, NA, NA, NA, 0.648979729908123, 
0.658673719726498, 0.668340337428138, 0.677914960069986, 0.687165784464963, 
0.695860960662321, 0.704131937532728, 0.712364406542213, 0.720859430938447, 
0.729788592092577, 0.739249815790927, 0.749303677749265, 0.75999051584698, 
0.771301303399625, 0.781741967582234, 0.79305269129776, 0.805292344127916, 
0.81840150610933, 0.832227534689485, 0.846556605347024, 0.86118589922331, 
0.876063447655665, 0.891124830503124, 0.906021280209541, 0.92021818309257, 
0.934117841219508, 0.948788529869749, 0.96495990569671, 0.98097998260667, 
0.995765698623714, 1.00915980433498, 1.02136446222906, 1.03264702167415, 
1.04321558630962, 1.05312143603224, 1.06232437562162, 1.06998766396806, 
1.07711542932430, 1.08448227444694, 1.09317836329679, 1.10391092551506, 
1.11687507697157, 1.13174263212551, 1.14787568478345, NA, NA, 
NA, NA, 0.638894614090729, 0.649399205059419, 0.658799638066668, 
0.66809345496867, 0.677384306127765, 0.686577115722534, 0.695502458710512, 
0.70403909686067, 0.712286616652186, 0.720516980900867, 0.728987486677296, 
0.737869124127017, 0.747266481932516, 0.757240325534742, 0.76780123898154, 
0.77870705389041, 0.789349370844637, 0.80062945418078, 0.812852219330202, 
