"ozTemp" <-
structure(list(city = structure(as.integer(c(6, 2, 3, 5, 1, 4
)), .Label = c("adelaide", "cairns", "darwin", "hobart", "perth", 
"sydney"), class = "factor"), min = c(12, 22, 26, 14, 12, 8), 
    max = c(23, 28, 29, 25, 21, 17), long = c(151.183333333333, 
    145.75, 130.833333333333, 115.833333333333, 138.5, 147.333333333333
    ), lat = c(-33.8333333333333, -17, -12.4166666666667, -32, 
    -34.8333333333333, -42.8333333333333)), .Names = c("city", 
"min", "max", "long", "lat"), row.names = c("1", "2", "3", "4", 
"5", "6"), class = "data.frame")
