"volcano.accessRoad" <-
structure(list(arx = c(640, 650, 660, 670, 680, 690, 710, 730, 
740, 750, 760, 780, 790, 800, 820, 830), ary = c(500, 490, 470, 
460, 440, 410, 380, 350, 340, 330, 320, 310, 300, 280, 230, 190
), arz = c(212, 216, 218, 216, 224, 228, 228, 228, 230, 230, 
230, 226, 224, 222, 204, 200)), .Names = c("arx", "ary", "arz"
), row.names = c("1", "2", "3", "4", "5", "6", "7", "8", "9", 
"10", "11", "12", "13", "14", "15", "16"), class = "data.frame")
"volcano.upDownRoad" <-
structure(list(udx = c(790, 790, 780, 780, 770, 770, 760, 750, 
740, 730, 710, 700, 670, 650, 640, 620, 590, 570, 560, 540, 520, 
500, 480, 460, 440, 420, 400, 380, 350, 330, 320, 290, 270, 240, 
220, 200, 180, 160, 140, 120, 110, 100, 90, 90, 90, 100, 110, 
130, 140, 150, 170, 180, 200, 220, 240, 260, 290, 310, 330, 340, 
350, 370, 390, 410, 440, 470, 490, 520, 530, 550, 570, 600, 620, 
650, 660, 680, 700, 720, 740, 750), udy = c(290, 270, 260, 240, 
220, 210, 190, 160, 150, 140, 130, 130, 120, 120, 120, 120, 130, 
140, 150, 160, 160, 170, 170, 170, 170, 180, 180, 170, 160, 160, 
150, 140, 140, 150, 150, 150, 160, 180, 200, 210, 230, 260, 280, 
300, 340, 360, 370, 390, 410, 420, 430, 440, 450, 460, 460, 470, 
460, 450, 420, 400, 390, 370, 360, 350, 340, 340, 340, 340, 340, 
340, 340, 330, 330, 320, 320, 320, 310, 320, 320, 320), udz = c(222, 
222, 222, 216, 216, 214, 216, 224, 238, 250, 258, 260, 266, 270, 
272, 274, 278, 280, 284, 286, 284, 290, 288, 288, 286, 292, 296, 
294, 290, 298, 296, 306, 312, 322, 314, 300, 302, 312, 322, 298, 
290, 284, 278, 292, 302, 316, 320, 332, 330, 328, 336, 336, 346, 
354, 360, 360, 360, 360, 350, 340, 336, 332, 330, 324, 312, 310, 
310, 300, 298, 290, 282, 276, 270, 264, 260, 252, 248, 238, 234, 
232)), .Names = c("udx", "udy", "udz"), row.names = c("1", "2", 
"3", "4", "5", "6", "7", "8", "9", "10", "11", "12", "13", "14", 
"15", "16", "17", "18", "19", "20", "21", "22", "23", "24", "25", 
"26", "27", "28", "29", "30", "31", "32", "33", "34", "35", "36", 
"37", "38", "39", "40", "41", "42", "43", "44", "45", "46", "47", 
"48", "49", "50", "51", "52", "53", "54", "55", "56", "57", "58", 
"59", "60", "61", "62", "63", "64", "65", "66", "67", "68", "69", 
"70", "71", "72", "73", "74", "75", "76", "77", "78", "79", "80"
), class = "data.frame")
"volcano.summitRoad" <-
structure(list(srx = c(180, 180, 190, 200, 220, 240, 250, 270, 
280, 300, 300), sry = c(320, 340, 360, 380, 390, 400, 410, 420, 
430, 440, 460), srz = c(378, 380, 382, 382, 370, 354, 352, 354, 
356, 360, 360)), .Names = c("srx", "sry", "srz"), row.names = c("1", 
"2", "3", "4", "5", "6", "7", "8", "9", "10", "11"), class = "data.frame")
